1.853176381236577299e+02 1.269396457365649411e+01 1.000000000000000000e+00
2.599204749802278229e+02 1.186766376854038718e+01 0.000000000000000000e+00
2.310135710053633034e+02 1.441424210724717803e+01 0.000000000000000000e+00
1.753666449044914657e+02 1.172058650933227320e+01 0.000000000000000000e+00
1.871208646673151463e+02 1.412973205950236988e+01 1.000000000000000000e+00
2.259058644753577596e+02 1.210024905322134359e+01 1.000000000000000000e+00
2.084051567586462852e+02 1.417718919429808011e+01 0.000000000000000000e+00
2.070759308914672374e+02 1.403273759709646562e+01 0.000000000000000000e+00
2.806038535866463235e+02 1.423225928923850070e+01 0.000000000000000000e+00
2.028693524658035301e+02 1.224901027888039273e+01 1.000000000000000000e+00
1.967046898521839751e+02 1.354426389427830912e+01 1.000000000000000000e+00
2.703132702825781735e+02 1.460225576989075691e+01 0.000000000000000000e+00
1.929497910830755245e+02 1.519686758602729704e+01 0.000000000000000000e+00
2.135728345311272562e+02 1.427503536880892021e+01 0.000000000000000000e+00
1.644729866412343995e+02 1.191817423373176510e+01 0.000000000000000000e+00
1.772575054164757944e+02 1.503779869475317454e+01 0.000000000000000000e+00
2.417745473004187886e+02 1.489694529445773874e+01 0.000000000000000000e+00
2.369988963427448709e+02 1.312616959070214584e+01 0.000000000000000000e+00
2.197380562068745462e+02 1.387377407102362525e+01 0.000000000000000000e+00
2.663859279625298200e+02 1.325274466463650036e+01 0.000000000000000000e+00
2.704524148454967758e+02 1.395486775361034937e+01 0.000000000000000000e+00
2.619630769838885271e+02 1.349222421966899077e+01 0.000000000000000000e+00
2.434899477970463977e+02 1.285610149859724061e+01 0.000000000000000000e+00
2.205818480297081123e+02 1.236489356407605733e+01 1.000000000000000000e+00
1.635949862724943671e+02 1.165441651968387582e+01 0.000000000000000000e+00
2.447631793121085764e+02 1.332572248352622424e+01 0.000000000000000000e+00
2.711941098575787237e+02 1.484073281876911921e+01 0.000000000000000000e+00
2.019878431549102515e+02 1.539471507882089085e+01 0.000000000000000000e+00
2.299283714955792277e+02 1.456353325686119149e+01 0.000000000000000000e+00
2.049712383947469334e+02 1.228467964787308730e+01 1.000000000000000000e+00
1.731898970360476540e+02 1.222482490492394724e+01 0.000000000000000000e+00
2.315137448304292036e+02 1.195053142044527306e+01 0.000000000000000000e+00
1.526879510930519075e+02 1.483198785675368114e+01 0.000000000000000000e+00
1.634205009209065054e+02 1.330233814220704858e+01 0.000000000000000000e+00
2.159473073663358491e+02 1.398108963353424983e+01 0.000000000000000000e+00
2.180419551242155478e+02 1.524937257491587239e+01 0.000000000000000000e+00
2.513035402390422064e+02 1.379786599153186266e+01 0.000000000000000000e+00
2.333317384552132410e+02 1.352620596642791995e+01 0.000000000000000000e+00
2.802428441981728611e+02 1.240650425343654639e+01 0.000000000000000000e+00
2.430186635150567440e+02 1.372038671559146117e+01 0.000000000000000000e+00
1.556715915242726282e+02 1.268459999913493519e+01 0.000000000000000000e+00
2.751675362792148007e+02 1.463825942971999972e+01 0.000000000000000000e+00
1.517321976266024137e+02 1.268650531865097975e+01 0.000000000000000000e+00
1.513237221212861243e+02 1.480986777191231241e+01 0.000000000000000000e+00
1.648996249617235037e+02 1.172982071509927771e+01 0.000000000000000000e+00
2.825542513313383211e+02 1.328347951766085444e+01 0.000000000000000000e+00
1.929830548735962452e+02 1.169605355825236792e+01 0.000000000000000000e+00
2.025953633803409843e+02 1.296415622904855347e+01 1.000000000000000000e+00
2.206699063874876572e+02 1.152714186592593215e+01 0.000000000000000000e+00
1.699749888391795025e+02 1.233954610299362464e+01 0.000000000000000000e+00
2.094681100310741613e+02 1.270921346523946482e+01 1.000000000000000000e+00
2.327992363262038680e+02 1.264173042215718112e+01 1.000000000000000000e+00
2.728004563613966980e+02 1.534747983279230610e+01 0.000000000000000000e+00
1.580237068338468305e+02 1.233623887661991603e+01 0.000000000000000000e+00
2.260081297395475417e+02 1.458264091793591888e+01 0.000000000000000000e+00
1.586432712287914626e+02 1.223921073771951917e+01 0.000000000000000000e+00
2.116572164282430322e+02 1.417476303420069428e+01 0.000000000000000000e+00
2.719492701434895707e+02 1.496789185416620072e+01 0.000000000000000000e+00
2.571569810814647781e+02 1.171092857350620520e+01 0.000000000000000000e+00
2.818459265944453023e+02 1.395851179660462726e+01 0.000000000000000000e+00
1.616256350521957472e+02 1.251971510155906131e+01 0.000000000000000000e+00
2.338018014164492797e+02 1.304256046753455855e+01 0.000000000000000000e+00
2.102914691912232001e+02 1.471834026239499948e+01 0.000000000000000000e+00
2.612441819509950847e+02 1.368714792072123032e+01 0.000000000000000000e+00
2.569808990473500216e+02 1.312401971637221720e+01 0.000000000000000000e+00
2.815550480379853866e+02 1.392063666170414393e+01 0.000000000000000000e+00
2.806392276627204865e+02 1.167595076822558831e+01 0.000000000000000000e+00
2.691635081337645374e+02 1.373750875017950612e+01 0.000000000000000000e+00
2.463412691794376315e+02 1.227037990151607971e+01 1.000000000000000000e+00
2.240733357587840828e+02 1.265711169648767687e+01 1.000000000000000000e+00
1.642398643770054321e+02 1.151274708247246892e+01 0.000000000000000000e+00
2.724234026817215408e+02 1.418361726014330948e+01 0.000000000000000000e+00
1.776779337749784986e+02 1.253127471025097606e+01 1.000000000000000000e+00
2.128552320554360335e+02 1.477314901307789441e+01 0.000000000000000000e+00
1.658794563885947468e+02 1.537113932065491895e+01 0.000000000000000000e+00
2.774279534676567209e+02 1.247864038277053389e+01 0.000000000000000000e+00
2.365055510327606498e+02 1.294039013106434410e+01 0.000000000000000000e+00
2.441386515082538438e+02 1.184766440059101456e+01 0.000000000000000000e+00
2.134453938278676333e+02 1.385396321476037507e+01 0.000000000000000000e+00
2.345742243498321784e+02 1.427118189668625270e+01 0.000000000000000000e+00
2.703364853551358351e+02 1.246500083962970429e+01 0.000000000000000000e+00
1.706812328399801686e+02 1.306242774885190272e+01 0.000000000000000000e+00
2.267917999380309197e+02 1.534211504368221846e+01 0.000000000000000000e+00
2.459182540582164620e+02 1.445377020267851620e+01 0.000000000000000000e+00
2.813168022644341590e+02 1.257097265103436001e+01 0.000000000000000000e+00
1.850273194459935269e+02 1.319016335027560771e+01 1.000000000000000000e+00
1.898817010016639699e+02 1.410441354091387645e+01 1.000000000000000000e+00
2.784813793106373510e+02 1.211404597014409745e+01 0.000000000000000000e+00
2.199229370997181832e+02 1.421031239519294864e+01 0.000000000000000000e+00
2.165789849884528451e+02 1.515497536357606911e+01 0.000000000000000000e+00
2.494812281371968652e+02 1.502870718244227533e+01 0.000000000000000000e+00
1.650882733960794724e+02 1.228305401398683827e+01 0.000000000000000000e+00
1.588700704564876105e+02 1.481727799385873823e+01 0.000000000000000000e+00
2.799805193437852040e+02 1.155596408411373410e+01 0.000000000000000000e+00
2.565492419226627590e+02 1.441132479411189848e+01 0.000000000000000000e+00
2.726052172420259012e+02 1.258154189303760262e+01 0.000000000000000000e+00
2.464949197477390612e+02 1.244969152587687944e+01 0.000000000000000000e+00
1.602644820060434938e+02 1.448081625081309554e+01 0.000000000000000000e+00
1.556987511394134174e+02 1.429837785263049632e+01 0.000000000000000000e+00
1.882674327348193515e+02 1.344969358033831064e+01 1.000000000000000000e+00
2.703569757726322109e+02 1.247363151600085196e+01 0.000000000000000000e+00
2.132237915506565855e+02 1.292019778816097819e+01 1.000000000000000000e+00
1.757014197283934038e+02 1.339460587337049979e+01 1.000000000000000000e+00
1.745200941465424194e+02 1.469602996663427952e+01 0.000000000000000000e+00
2.330009216197634601e+02 1.263252301134340705e+01 1.000000000000000000e+00
2.813691743606422051e+02 1.288110737787497229e+01 0.000000000000000000e+00
2.406196492618556135e+02 1.443289490593701707e+01 0.000000000000000000e+00
1.858055626738463673e+02 1.154705520635124039e+01 0.000000000000000000e+00
2.705031433454735748e+02 1.532566605436651486e+01 0.000000000000000000e+00
1.729807912614288057e+02 1.211442084449541134e+01 0.000000000000000000e+00
2.084101016248587541e+02 1.389027827259896597e+01 0.000000000000000000e+00
2.835126546932592646e+02 1.535398446942376260e+01 0.000000000000000000e+00
2.833601333927059045e+02 1.248227766094970903e+01 0.000000000000000000e+00
2.308492322418915421e+02 1.324347657485492569e+01 0.000000000000000000e+00
1.812393099246138490e+02 1.176150948286686493e+01 0.000000000000000000e+00
1.727783304570676819e+02 1.293380691514482628e+01 0.000000000000000000e+00
1.618829336141461681e+02 1.210295596547982200e+01 0.000000000000000000e+00
1.560279504979328635e+02 1.399162509476869332e+01 0.000000000000000000e+00
2.165167247819237843e+02 1.247421201239957611e+01 1.000000000000000000e+00
2.210570798355101942e+02 1.319778711062391174e+01 1.000000000000000000e+00
2.389856852001868219e+02 1.523066887899183541e+01 0.000000000000000000e+00
1.976944343739336887e+02 1.408060613069955735e+01 0.000000000000000000e+00
1.795537596583925506e+02 1.525959759606393717e+01 0.000000000000000000e+00
2.333884848650860704e+02 1.213498975040158356e+01 1.000000000000000000e+00
1.847018932216377607e+02 1.213660544245414918e+01 1.000000000000000000e+00
1.741830946534080908e+02 1.272719542667367953e+01 0.000000000000000000e+00
2.611145098270051221e+02 1.332823520652448934e+01 0.000000000000000000e+00
1.874179456069647358e+02 1.317630344307014489e+01 1.000000000000000000e+00
1.860987610632558642e+02 1.443472966469317420e+01 0.000000000000000000e+00
1.579354683463903370e+02 1.265691424058911707e+01 0.000000000000000000e+00
1.936382219021815843e+02 1.222607807471797869e+01 1.000000000000000000e+00
2.496510307566031202e+02 1.222098945043484441e+01 0.000000000000000000e+00
1.905649813173832570e+02 1.172590624851072860e+01 0.000000000000000000e+00
2.520040610176647817e+02 1.295545206648980141e+01 0.000000000000000000e+00
2.385503330231537120e+02 1.236894440878702639e+01 1.000000000000000000e+00
1.529430262863744474e+02 1.278967263403881027e+01 0.000000000000000000e+00
2.551736201275968199e+02 1.484978312185998206e+01 0.000000000000000000e+00
1.970933671229321931e+02 1.488776311416634712e+01 0.000000000000000000e+00
1.567971049929510627e+02 1.358845814429390053e+01 0.000000000000000000e+00
1.847520262047316919e+02 1.325631075480232468e+01 1.000000000000000000e+00
1.799216459197405413e+02 1.507426648719711793e+01 0.000000000000000000e+00
1.907935798430141290e+02 1.528116770814299663e+01 0.000000000000000000e+00
1.647271741542562040e+02 1.321932402451868249e+01 0.000000000000000000e+00
2.098650659612829372e+02 1.433773917208927173e+01 0.000000000000000000e+00
1.965780064220703025e+02 1.346997985443143619e+01 1.000000000000000000e+00
1.595106231726140038e+02 1.274412583466218862e+01 0.000000000000000000e+00
2.478728829118405486e+02 1.192364556764609951e+01 0.000000000000000000e+00
2.124423156869474383e+02 1.244690781827325310e+01 1.000000000000000000e+00
1.723404075184520252e+02 1.198526205043424042e+01 0.000000000000000000e+00
2.598719001968304951e+02 1.424662807815888499e+01 0.000000000000000000e+00
2.012265735394432795e+02 1.306656377129386115e+01 1.000000000000000000e+00
2.483417591900187347e+02 1.391582459847807307e+01 0.000000000000000000e+00
2.736620605795604320e+02 1.517765474492830258e+01 0.000000000000000000e+00
2.150935848814561950e+02 1.413654102787675271e+01 0.000000000000000000e+00
2.235301413812909743e+02 1.274114216681221379e+01 1.000000000000000000e+00
2.112243123528032527e+02 1.438470345684314822e+01 0.000000000000000000e+00
2.246120906119602978e+02 1.402962546578643277e+01 0.000000000000000000e+00
2.157548951987308783e+02 1.531191057177672121e+01 0.000000000000000000e+00
2.548222957953151422e+02 1.202314013487207056e+01 0.000000000000000000e+00
2.599047835847928809e+02 1.517031030564161220e+01 0.000000000000000000e+00
2.602488557726487102e+02 1.287243299110953032e+01 0.000000000000000000e+00
1.996677145041864492e+02 1.247285748126414262e+01 1.000000000000000000e+00
1.575201358529880622e+02 1.338824538246274720e+01 0.000000000000000000e+00
2.648148240981653316e+02 1.457524634463616664e+01 0.000000000000000000e+00
2.393968517064998878e+02 1.488876267773313167e+01 0.000000000000000000e+00
2.389803731110199578e+02 1.239333366089892507e+01 1.000000000000000000e+00
2.584259353703061493e+02 1.297008001783882136e+01 0.000000000000000000e+00
2.701583659871762393e+02 1.280593012341883963e+01 0.000000000000000000e+00
1.624067633287829722e+02 1.441959278023227853e+01 0.000000000000000000e+00
1.645323115361982218e+02 1.498085771630759133e+01 0.000000000000000000e+00
2.056096793976139452e+02 1.462048479617024732e+01 0.000000000000000000e+00
1.570967414920213514e+02 1.367535103003122110e+01 0.000000000000000000e+00
2.413806960394713599e+02 1.201802051506669144e+01 1.000000000000000000e+00
2.321337058885275724e+02 1.207209046136609842e+01 1.000000000000000000e+00
1.910385321559029990e+02 1.296114082211063412e+01 1.000000000000000000e+00
2.336440250032013068e+02 1.202047537974908664e+01 1.000000000000000000e+00
1.749514636950330839e+02 1.462502634523917777e+01 0.000000000000000000e+00
2.466432115126896747e+02 1.331682267840339406e+01 0.000000000000000000e+00
1.880704070540920725e+02 1.426881856895729861e+01 1.000000000000000000e+00
2.131589944483219199e+02 1.274607869237120816e+01 1.000000000000000000e+00
2.680822364780989346e+02 1.230736127192602680e+01 0.000000000000000000e+00
2.585781853468444069e+02 1.397127162267776157e+01 0.000000000000000000e+00
2.372073169786775679e+02 1.422860980505122797e+01 0.000000000000000000e+00
2.510165908535027768e+02 1.502378838026952579e+01 0.000000000000000000e+00
2.742788200175812676e+02 1.252195618668974042e+01 0.000000000000000000e+00
1.721246376477014906e+02 1.508549633412959423e+01 0.000000000000000000e+00
1.775169542529134787e+02 1.238785975166197417e+01 1.000000000000000000e+00
2.587096937851979419e+02 1.536444235391488888e+01 0.000000000000000000e+00
2.640136216597015277e+02 1.356692156624730217e+01 0.000000000000000000e+00
2.007060497034916295e+02 1.545420692880151137e+01 0.000000000000000000e+00
2.493692991435406725e+02 1.401637408426407916e+01 0.000000000000000000e+00
1.515023837603739594e+02 1.228076711561643641e+01 0.000000000000000000e+00
1.518213889559930863e+02 1.512816165969911708e+01 0.000000000000000000e+00
1.819228573367597050e+02 1.218408524197997878e+01 1.000000000000000000e+00
2.286466427264364256e+02 1.231240742512432895e+01 1.000000000000000000e+00
2.237818325717236689e+02 1.529916680417690600e+01 0.000000000000000000e+00
2.666276732858951277e+02 1.248051013507259910e+01 0.000000000000000000e+00
2.736839819487280465e+02 1.309756176076822598e+01 0.000000000000000000e+00
2.206100061652355180e+02 1.279989070480239732e+01 1.000000000000000000e+00
2.849943416745360310e+02 1.272829382460772862e+01 0.000000000000000000e+00
